x_1 = [-4.500000 -4.000000 -3.500000 -3.000000 -2.500000 -2.000000 -1.500000 -1.000000 -0.500000 0.000000 0.500000 1.000000 1.500000 2.000000 2.500000 3.000000 3.500000 4.000000 ]
x_2 = [-4.500000 -4.000000 -3.500000 -3.000000 -2.500000 -2.000000 -1.500000 -1.000000 -0.500000 0.000000 0.500000 1.000000 1.500000 2.000000 2.500000 3.000000 3.500000 4.000000 ]
y = [181853.613281 143873.578125 110337.457031 81245.250000 56596.957031 36392.578125 20632.113281 9315.562500 2442.925781 14.203125 2029.394531 8488.500000 19391.519531 34738.453125 54529.300781 78764.062500 107442.738281 140565.328125 ]
y = [91932.328125 72769.203125 55843.578125 41155.453125 28704.828125 18491.703125 10516.078125 4777.953125 1277.328125 14.203125 988.578125 4200.453125 9649.828125 17336.703125 27261.078125 39422.953125 53822.328125 70459.203125 ]
y = [42838.207031 33936.328125 26070.363281 19240.312500 13446.175781 8687.953125 4965.644531 2279.250000 628.769531 14.203125 435.550781 1892.812500 4385.988281 7915.078125 12480.082031 18081.000000 24717.832031 32390.578125 ]
y = [18063.703125 14330.203125 11028.703125 8159.203125 5721.703125 3716.203125 2142.703125 1001.203125 291.703125 14.203125 168.703125 755.203125 1773.703125 3224.203125 5106.703125 7421.203125 10167.703125 13346.203125 ]
y = [6751.019531 5370.078125 4147.238281 3082.500000 2175.863281 1427.328125 836.894531 404.562500 130.332031 14.203125 56.175781 256.250000 614.425781 1130.703125 1805.082031 2637.562500 3628.144531 4776.828125 ]
y = [2211.328125 1769.203125 1376.578125 1033.453125 739.828125 495.703125 301.078125 155.953125 60.328125 14.203125 17.578125 70.453125 172.828125 324.703125 526.078125 776.953125 1077.328125 1427.203125 ]
y = [671.800781 544.828125 431.332031 331.312500 244.769531 171.703125 112.113281 66.000000 33.363281 14.203125 8.519531 16.312500 37.582031 72.328125 120.550781 182.250000 257.425781 346.078125 ]
y = [250.453125 208.203125 169.953125 135.703125 105.453125 79.203125 56.953125 38.703125 24.453125 14.203125 7.953125 5.703125 7.453125 13.203125 22.953125 36.703125 54.453125 76.203125 ]
y = [158.800781 134.578125 112.394531 92.250000 74.144531 58.078125 44.050781 32.062500 22.113281 14.203125 8.332031 4.500000 2.707031 2.953125 5.238281 9.562500 15.925781 24.328125 ]
y = [132.328125 113.203125 95.578125 79.453125 64.828125 51.703125 40.078125 29.953125 21.328125 14.203125 8.578125 4.453125 1.828125 0.703125 1.078125 2.953125 6.328125 11.203125 ]
y = [88.769531 77.328125 66.675781 56.812500 47.738281 39.453125 31.957031 25.250000 19.332031 14.203125 9.863281 6.312500 3.550781 1.578125 0.394531 0.000000 0.394531 1.578125 ]
y = [14.203125 14.203125 14.203125 14.203125 14.203125 14.203125 14.203125 14.203125 14.203125 14.203125 14.203125 14.203125 14.203125 14.203125 14.203125 14.203125 14.203125 14.203125 ]
y = [76.957031 55.078125 36.925781 22.500000 11.800781 4.828125 1.582031 2.062500 6.269531 14.203125 25.863281 41.250000 60.363281 83.203125 109.769531 140.062500 174.082031 211.828125 ]
y = [969.328125 745.203125 550.578125 385.453125 249.828125 143.703125 67.078125 19.953125 2.328125 14.203125 55.578125 126.453125 226.828125 356.703125 516.078125 704.953125 923.328125 1171.203125 ]
y = [4477.113281 3493.828125 2632.394531 1892.812500 1275.082031 779.203125 405.175781 153.000000 22.675781 14.203125 127.582031 362.812500 719.894531 1198.828125 1799.613281 2522.250000 3366.738281 4333.078125 ]
y = [14276.953125 11204.203125 8503.453125 6174.703125 4217.953125 2633.203125 1420.453125 579.703125 110.953125 14.203125 289.453125 936.703125 1955.953125 3347.203125 5110.453125 7245.703125 9752.953125 12632.203125 ]
y = [36961.488281 29083.578125 22148.832031 16157.250000 11108.832031 7003.578125 3841.488281 1622.562500 346.800781 14.203125 624.769531 2178.500000 4675.394531 8115.453125 12498.675781 17825.062500 24094.613281 31307.328125 ]
y = [83292.328125 65633.203125 50075.578125 36619.453125 25264.828125 16011.703125 8860.078125 3809.953125 861.328125 14.203125 1268.578125 4624.453125 10081.828125 17640.703125 27301.078125 39062.953125 52926.328125 68891.203125 ]
